4 11.86689453125 0.0845703125 8.65253738574219
8 12.773779296875 0.185546875 9.04025098828125
20 14.9525390625 0.5146484375 10.6309300273437
32 15.5525390625 0.8623046875 12.9435770068359
40 15.7482421875 1.044921875 13.0893660664062
60 16.07314453125 1.54296875 13.0583314794922
80 19.84814453125 1.943359375 12.7787565654297
160 24.403125 3.203125 11.6485170703125
240 24.696484375 4.150390625 10.8812704599609
320 24.697265625 4.453125 10.8286433613281
400 24.6921875 5.400390625 10.8176716972656
